|         ra|        dec|     w1x|     w1y|     w2x|     w2y|       source_id| w1mpro|w1sigmpro|  w1rchi2| w2mpro|w2sigmpro|  w2rchi2|  nb|  na| w1sat| w2sat|cc_flags|   sso_flg|qual_frame|qi_fact|saa_sep|moon_masked|         mjd|             dist|           angle|
|     double|     double|  double|  double|  double|  double|            char| double|   double|   double| double|   double|   double| int| int|double|double|    char|       int|       int| double| double|       char|      double|           double|          double|
|        deg|        deg|     pix|     pix|     pix|     pix|                |    mag|      mag|         |    mag|      mag|         |    |    |      |      |        |          |          |       |    deg|           |      mjdate|           arcsec|             deg|
|       null|       null|    null|    null|    null|    null|            null|   null|     null|     null|   null|     null|     null|null|null|  null|  null|    null|      null|      null|   null|   null|       null|        null|             null|            null|
 196.3876244 -10.5553487  877.206  786.792  876.072  784.517 00892a132-000037  11.341     0.022 5.681e-01  10.246     0.028 7.557e-01    1    0  0.000  0.000     0000          0         10     1.0  42.653        0000 55209.043891          0.293346        50.982315 
 196.3876058 -10.5553651  266.736  766.886  269.121  767.204 00869b156-000091  11.352     0.022 1.686e+00  10.240     0.025 1.783e+00    1    0  0.000  0.000     0000          0         10     1.0  -4.929        0000 55208.316024          0.205080        52.219840 
 196.3875958 -10.5553471  478.025  541.375  478.196  540.798 00874a059-000086  11.351     0.020 1.899e+00  10.237     0.023 1.006e+00    1    0  0.000  0.000     0000          0         10     1.0   7.728        0000 55208.448328          0.228729        33.635701 
 196.3876221 -10.5553620   13.788  851.724   18.018  853.125 00876a054-000035  11.375     0.029 2.463e+00  10.227     0.022 7.987e-01    1    0  0.000  0.000     0000          0         10     1.0  23.396        0000 55208.514544          0.258875        58.099841 
 196.3876321 -10.5553724  696.587  259.059  694.243  257.525 00877b156-000054  11.349     0.029 6.421e-01  10.228     0.027 9.907e-01    1    0  0.000  0.000     0000          0         10     1.0  44.457        0000 55208.580633          0.273825        68.724525 
 196.3875877 -10.5553777  234.974  600.878  236.841  601.355 00880a131-000041  11.364     0.019 2.045e+00  10.227     0.022 8.855e-01    1    0  0.000  0.000     0000          0         10     1.0  66.189        0000 55208.646849          0.126727        50.685560 
 196.3876293 -10.5553633  916.640  930.983  915.977  928.594 00881b156-000038  11.319     0.023 1.269e+00  10.231     0.027 9.103e-01    1    0  0.000  0.000     0000          0         10     1.0  86.644        0000 55208.713065          0.278579        61.688784 
 196.3876191 -10.5553989  920.057   15.263  915.302   12.728 00881b155-000047  11.399     0.032 2.366e+00  10.268     0.020 3.864e+00    1    0  0.000  0.000     0000          0         10     1.0  86.888        0000 55208.712938          0.209207        88.915360 
 196.3876159 -10.5553562  448.074  361.366  447.670  360.931 00884a131-000054  11.352     0.021 7.641e-01  10.245     0.020 1.466e+00    1    0  0.000  0.000     0000          0         10     1.0 106.078        0000 55208.779154          0.252988        51.444139 
 196.3876423 -10.5553682  663.024  114.112  660.301  112.708 00888a131-000050  11.348     0.025 1.700e+00  10.232     0.022 1.497e+00    1    0  0.000  0.000     0000          0         10     1.0  85.076        0000 55208.911459          0.312963        68.543087 
 196.3875849 -10.5553695  661.342  731.353  661.238  729.990 06150a145-000047  11.348     0.023 8.284e-01  10.265     0.020 1.149e+00    1    0  0.000  0.000     0000          0         10     1.0  20.617        0000 55383.004669          0.140782        38.749787 
 196.3875725 -10.5553901  836.585  669.477  835.143  667.352 06146a145-000204  11.332     0.026 7.972e-01  10.332     0.029 9.894e-01    1    0  0.000  0.000     0000          0         10     1.0  -1.849        0000 55382.872365          0.056841        51.143946 
 196.3875980 -10.5553814  970.247  371.843  966.621  369.129 06157a061-000038  11.387     0.020 1.337e+00  10.234     0.018 1.248e+00    1    0  0.000  0.000     0000          0         10     1.0  82.673        0000 55383.203061          0.150229        63.531336 
 196.3876134 -10.5553813  484.867  793.312  486.082  792.707 06155a069-000050  11.367     0.023 1.699e+00  10.234     0.022 8.604e-01    1    0  0.000  0.000     0000          0         10     1.0  61.856        0000 55383.136972          0.200609        70.393341 
 196.3876303 -10.5553844  306.159  860.286  308.711  860.434 06158a145-000043  11.415     0.041 1.317e+00  10.270     0.023 1.074e+00    1    0  0.000  0.000     0000          0         10     1.0 103.001        0000 55383.269277          0.255052        77.280048 
 196.3875843 -10.5553626  793.055  443.570  790.875  441.619 06161a121-000041  11.373     0.020 1.365e+00  10.246     0.021 1.928e+00    1    0  0.000  0.000     0000          0         10     1.0 111.458        0000 55383.335365          0.159767        32.567921 
 196.3875871 -10.5553804  437.412  555.331  437.885  554.930 06169a121-000050  11.359     0.021 3.148e-01  10.235     0.020 1.347e+00    1    0  0.000  0.000     0000          0         10     1.0  29.265        0000 55383.599972          0.119079        53.658216 
 196.3876071 -10.5553372  131.336   16.387  131.231   17.347 06162a144-000036  11.400     0.026 7.853e-01  10.257     0.024 1.187e+00    1    0  0.000  0.000     0000          0         10     1.0  91.006        0000 55383.401453          0.280893        36.401681 
 196.3875638 -10.5553570  615.475  505.942  614.662  504.766 06165a061-000046  11.334     0.020 8.630e-01  10.248     0.023 1.032e+00    1    0  0.000  0.000     0000          0         10     1.0  70.053        0000 55383.467668          0.155391         4.965201 
 196.3875939 -10.5554094  128.088  930.101  131.976  930.995 06162a145-000039  11.395     0.027 2.360e+00  10.298     0.020 2.295e+00    1    0  0.000  0.000     0000          0         10     1.0  91.221        0000 55383.401580          0.124660       105.751590 
 196.3876232 -10.5553632  258.006  633.014  259.873  633.385 06173a121-000052  11.362     0.019 2.557e+00  10.219     0.022 7.936e-01    1    0  0.000  0.000     0000          0         10     1.0  10.017        0000 55383.732276          0.259968        59.361695 
 196.3876086 -10.5553689   75.776  710.984   79.045  712.141 06177a121-000224  11.405     0.021 2.045e+00  10.240     0.026 1.374e+00    1    0  0.000  0.000     0000          0         10     1.0  -2.287        0000 55383.864580          0.205218        56.938590 
 196.3876224 -10.5553235  174.534  771.818  177.429  772.529 11825b156-000043  11.384     0.025 3.228e+00  10.285     0.023 1.882e+00    1    0  0.000  0.000     0000          0         10     1.0  74.954        0000 55570.672132          0.353008        38.725557 
 196.3876081 -10.5553866  369.859  179.606  369.119  179.530 11829b155-000058  11.413     0.025 3.041e+00  10.296     0.022 2.947e+00    1    0  0.000  0.000     0000          0         10     1.0 112.727        0000 55570.804309          0.176938        74.178251 
 196.3876118 -10.5553368  554.995  485.846  554.434  484.957 11833b156-000053  11.378     0.020 2.517e+00  10.280     0.025 1.426e+00    1    0  0.000  0.000     0000          0         10     1.0  77.307        0000 55570.936614          0.292185        38.860167 
 196.3875920 -10.5553440   79.196  184.128   80.119  185.370 11836a131-000053  11.375     0.028 1.966e+00  10.416     0.026 2.944e+00    1    0  0.000  0.000     0000          0         10     1.0  56.340        0000 55571.002702          0.231235        29.325497 
 196.3875907 -10.5553339  745.181  850.177  745.112  848.489 11837b156-000046  11.366     0.028 2.101e+00  10.317     0.021 2.383e+00    1    0  0.000  0.000     0000          0         10     1.0  35.371        0000 55571.068918          0.261598        24.540900 
 196.3875830 -10.5553614  265.170  547.488  266.595  547.845 11840a131-000046  11.407     0.022 2.420e+00  10.250     0.022 1.275e+00    1    0  0.000  0.000     0000          0         10     1.0  19.364        0000 55571.135007          0.161034        30.360582 
 196.3876553 -10.5554065  936.040  249.277  932.071  246.740 11842a085-000039  11.404     0.023 1.372e+00  10.290     0.017 2.805e+00    1    0  0.000  0.000     0000          0         10     1.0  12.044        0000 55571.201095          0.338080        93.968812 
 196.3876217 -10.5553126  451.685  855.431  453.339  854.977 11844a131-000053  11.393     0.024 3.430e+00  10.254     0.020 1.964e+00    1    0  0.000  0.000     0000          0         10     1.0   2.832        0000 55571.267311          0.382991        34.760802 
 196.3876129 -10.5552950  646.906  260.008  644.830  258.713 11848a131-000153  11.446     0.021 2.482e+00   9.360     0.017 3.998e+02    1    0  0.000  0.000     0000          0         10     1.0  -0.114        0000 55571.399488          0.421821        26.348495 
 196.3876317 -10.5553800  832.749  540.957  830.721  538.848 11852a086-000043  11.369     0.022 2.360e+00  10.250     0.027 1.455e+00    1    0  0.000  0.000     0000          0         10     1.0  29.500        0000 55571.531793          0.263774        74.159171 
 196.3875521 -10.5554013  126.864  857.626  130.657  858.593 45077b159-000056  11.321     0.019 2.773e+00  10.272     0.016  1.848e+00    1    0  0.00000  0.00000     0000       0         10     1.0  -5.518          00 56668.32299370     0.028337   260.497387 14                             
 196.3875304 -10.5553872  318.734  158.017  318.437  158.222 45082a069-000094  11.345     0.018 3.738e+00  10.229     0.017  1.069e+00    1    0  0.00000  0.00000     0000       0         10     1.0   6.222          00 56668.45466134     0.114427   293.743534 21                             
 196.3875690 -10.5553728  508.725  365.747  508.184  365.103 45085b158-000058  11.357     0.017 1.273e+00  10.284     0.016  8.981e-01    1    0  0.00000  0.00000     0000       0         10     1.0  42.454          00 56668.58645630     0.102954    18.018840 11                             
 196.3875543 -10.5553914   38.480   13.235   39.123   14.684 45088a133-000055  11.381     0.021 6.690e-01  10.275     0.017  7.237e-01    1    0  0.00000  0.00000     0000       0         10     1.0  64.214          00 56668.65229012     0.037011   326.912734 7                              
 196.3875526 -10.5553630   35.883  926.438   40.427  927.851 45088a134-000035  11.355     0.026 1.359e+00  10.291     0.019  7.706e-01    1    0  0.00000  0.00000     0000       0         10     1.0  64.032          00 56668.65241748     0.135761   348.876638 23                             
 196.3876790 -10.5552578  697.036  572.422  696.245  570.964 45089b158-000045  11.485     0.019 4.087e+01  10.448     0.020  4.488e+01    1    0  0.00000  0.00000     0000       0          0     0.0  84.550          00 56668.71825130     0.662898    39.443757 18                             
 196.3875797 -10.5553680  225.946  217.795  226.452  218.432 45092a133-000050  11.353     0.017  9.417e-01  10.265     0.017  1.051e+00    1    0  0.00000  0.00000     0000       0         10     1.0 104.284          00 56668.78408512     0.134643    31.182646 19                             
 196.3875780 -10.5553547  892.235  778.905  891.199  776.599 45093b158-000039  11.348     0.018  1.246e+00  10.277     0.019  1.373e+00    1    0  0.00000  0.00000     0000       0         10     1.0 106.761          00 56668.85004631     0.175086    21.336968 24                             
 196.3875779 -10.5553276  450.668  482.123  451.010  481.646 45096a133-000052  11.360     0.017  2.141e+01  10.304     0.017  1.288e+01    1    0  0.00000  0.00000     0000       0          0     0.0  86.783          00 56668.91588013     0.268231    13.661066 22                             
 196.3875868 -10.5553677  608.014  631.559  608.016  630.474 45100a133-000058  11.338     0.017  4.455e+00  10.330     0.021  9.804e-01    1    0  0.00000  0.00000     0000       0          5     0.5  44.624          00 56669.04767513     0.150072    39.203476 6                              
 196.3875974 -10.5553669  801.143  848.900  800.932  846.943 45104a134-000042  11.321     0.020  4.835e+00  10.295     0.025  2.114e+00    1    0  0.00000  0.00000     0000       0          5     0.5  13.166          00 56669.17947013     0.178109    48.004540 10                             
 196.3875895 -10.5553729  992.032  140.148  987.554  137.416 45108a133-000048  11.329     0.022  3.845e+00  10.267     0.018  3.181e+00    1    0  0.00000  0.00000     0000       0         10     1.0  -3.515          00 56669.31113772     0.142880    46.940558 15                             
 196.3875723 -10.5553848  143.770  136.369  144.354  137.380 50403a118-000039  11.293     0.021  8.969e-01  10.264     0.025  1.380e+00    1    0  0.00000  0.00000     0000       0         10     1.0  32.772          11 56843.60052209     0.069954    38.502856 1                              
 196.3875249 -10.5553827  974.569  811.395  973.156  808.746 50526a147-000043  11.272     0.021  1.293e+00  10.198     0.019  1.435e+00    1    0  0.00000  0.00000     0000       0         10     1.0  14.201          00 56847.67952874     0.138959   296.627416 8                              
 196.3875207 -10.5553696  785.450  549.086  783.967  547.239 50530a147-000049  11.352     0.022  1.002e+00  10.217     0.020  1.554e+00    1    0  0.00000  0.00000     0000       0         10     1.0  -2.577          00 56847.81106851     0.176992   308.197497 17                             
 196.3875375 -10.5553837  603.027  284.850  601.572  283.795 50534a147-000222  11.311     0.020  7.629e-01  10.236     0.018  1.098e+00    1    0  0.00000  0.00000     0000       0         10     1.0  -1.206          00 56847.94260831     0.098929   306.387031 12                             
 196.3875516 -10.5554017  417.828  923.301  420.158  923.059 50538a147-000052  11.332     0.021  1.726e+00  10.238     0.019  1.236e+00    1    0  0.00000  0.00000     0000       0         10     1.0  33.176          00 56848.07427538     0.030427   258.367344 2                              
 196.3875583 -10.5553775  903.083  323.002  899.884  320.649 50541a061-000043  11.294     0.020  1.176e+00  10.197     0.018  1.102e+00    1    0  0.00000  0.00000     0000       0         10     1.0  54.703          00 56848.13998159     0.081203   355.752040 4                              
 196.3875404 -10.5553903  234.584  648.426  236.841  648.989 50542a147-000047  11.284     0.017  9.219e-01  10.247     0.019  6.519e-01    1    0  0.00000  0.00000     0000       0          5     0.5  75.566          00 56848.20581514     0.077635   296.721443 13                             
 196.3875581 -10.5553893  720.821   48.223  717.687   46.604 50545a122-000039  11.288     0.023  1.717e+00  10.205     0.019  7.069e-01    1    0  0.00000  0.00000     0000       0         10     1.0  95.158          00 56848.27152134     0.039120   350.097923 0                              
 196.3875411 -10.5553800  717.266  963.560  718.066  962.059 50545a124-000046  11.276     0.022  8.783e-01  10.270     0.022  1.035e+00    1    0  0.00000  0.00000     0000       0         10     1.0  95.691          00 56848.27164870     0.098259   317.107636 20                             
 196.3875526 -10.5553858   52.410  378.437   54.591  379.869 50546a147-000041  11.278     0.018  7.895e-01  10.225     0.018  1.073e+00    1    0  0.00000  0.00000     0000       0         10     1.0 109.888          00 56848.33735491     0.057419   332.873555 5                              
 196.3875288 -10.5553797  535.856  695.601  536.504  694.853 50549a123-000053  11.285     0.019  1.769e+00  10.201     0.019  1.168e+00    1    0  0.00000  0.00000     0000       0         10     1.0  94.560          00 56848.40318841     0.132414   303.498202 9                              
 196.3875850 -10.5553894  353.537  843.182  355.896  843.202 50553a061-000050  11.291     0.020  1.350e+00  10.211     0.018  7.100e-01    1    0  0.00000  0.00000     0000       0         10     1.0  52.816          00 56848.53472823     0.096366    66.669547 3                              
 196.3875264 -10.5553814  161.117  586.652  163.495  587.549 50557a123-000046  11.283     0.018  6.593e-01  10.220     0.018  1.161e+00    1    0  0.00000  0.00000     0000       0          5     0.5  14.909          00 56848.66626799     0.136455   299.383861 16                             
 196.3875898 -10.5553704  912.451  526.791  910.041  524.402 56161b157-000039  11.287     0.018  2.476e+00  10.237     0.019  1.882e+00    1    0  0.00000  0.00000     0000          0          5     0.5  79.841          00 57032.94694146     0.149914    44.704004 
 196.3875721 -10.5553857  882.662  624.365  880.903  622.099 56172a133-000043  11.270     0.020  1.218e+00  10.226     0.027  2.029e+00    1    0  0.00000  0.00000     0000          0         10     1.0   2.011          01 57033.27547400     0.066987    39.754886 
 196.3875594 -10.5553708  663.333  585.449  662.744  584.134 56168a132-000049  11.310     0.018  1.224e+00  10.253     0.018  1.367e+00    1    0  0.00000  0.00000     0000          0         10     1.0  18.973          00 57033.14406104     0.105133   358.842769 
 196.3875741 -10.5553682  688.962  499.200  687.846  497.781 56157b157-000048  11.321     0.017  6.838e+00  10.249     0.017  2.927e+00    1    0  0.00000  0.00000     0000          0          5     0.5 107.210          00 57032.81552840     0.124887    23.552061 
 196.3875507 -10.5553682  226.910  513.093  228.621  513.709 56160a132-000043  11.303     0.017  9.804e-01  10.206     0.019  7.686e-01    1    0  0.00000  0.00000     0000          0         10     1.0 100.131          00 57032.88123493     0.119119   343.959843 
 196.3875464 -10.5553700  450.417  550.887  450.970  550.509 56164a132-000058  11.307     0.017  8.083e-01  10.237     0.019  5.654e-01    1    0  0.00000  0.00000     0000          0         10     1.0  58.888          00 57033.01264799     0.118243   335.979275 
 196.3875601 -10.5553725  479.394  458.574  479.397  458.069 56153b157-000057  11.290     0.018  1.251e+00  10.252     0.020  1.596e+00    1    0  0.00000  0.00000     0000          0         10     1.0  69.807          00 57032.68411539     0.098977     0.204822 
 196.3875199 -10.5553562   14.423  467.863   17.227  469.451 56156a132-000050  11.320     0.017  8.550e-01  10.241     0.017  1.311e+00    1    0  0.00000  0.00000     0000          0         10     1.0  89.982          00 57032.74982187     0.212144   318.011743 
 196.3875284 -10.5553784   43.994  394.078   46.278  395.565 56145b157-000190  11.308     0.017  6.999e-01  10.236     0.018  9.987e-01    1    0  0.00000  0.00000     0000          0         10     1.0  -3.494          00 57032.42128933     0.136212   304.811278 
 196.3875539 -10.5553749  259.565  427.504  260.734  427.989 56149b157-000042  11.306     0.017  7.242e-01  10.242     0.017  1.177e+00    1    0  0.00000  0.00000     0000          0         10     1.0  27.278          00 57032.55270234     0.092922   346.563037 
 196.3875155 -10.5553583  796.756  418.428  794.527  416.552 56252a129-000044  11.290     0.025  1.222e+00  10.086     0.039  2.795e+00    1    0  0.00000  0.00000     0000          0         10     1.0  92.814          11 57035.90360787     0.217574   313.627669 
 196.3875771 -10.5553871  581.142  367.030  580.159  366.070 56248a129-000051  11.275     0.021  1.348e+00  10.275     0.024  8.548e-01    1    0  0.00000  0.00000     0000          0         10     1.0  96.111          11 57035.77219481     0.076284    52.498406 
 196.3875192 -10.5553799  819.776  285.150  816.985  283.143 56241b154-000047  11.361     0.022  1.321e+00  10.217     0.022  1.337e+00    1    0  0.00000  0.00000     0000          0         10     1.0  34.142          11 57035.57507471     0.161502   296.616682 
 196.3875544 -10.5553672  360.824  318.425  360.933  318.461 56244a129-000040  11.321     0.018  7.267e-01  10.217     0.022  7.266e-01    1    0  0.00000  0.00000     0000          0         10     1.0  55.801          11 57035.64078181     0.119712   350.472133 
 196.3875426 -10.5553814   29.386  265.711   31.324  267.184 56240a075-000033  11.304     0.017  1.402e+00  10.236     0.019  9.584e-01    1    0  0.00000  0.00000     0000          0         10     1.0  13.868          11 57035.50936818     0.090970   317.396685 
 196.3875820 -10.5553544   92.976  950.994   97.293  952.144 61466a144-000049  11.344     0.028  2.981e+00  10.235     0.018  1.253e+00    1    0  0.00000  0.00000     0000          0          5     0.5  33.521          00 57207.08827523     0.181680    25.374621 
 196.3875786 -10.5553557   32.532  387.125   34.851  388.643 61481a065-000040  11.293     0.017  8.595e-01  10.201     0.017  1.013e+00    1    0  0.00000  0.00000     0000          0         10     1.0  53.401          00 57207.54745501     0.172532    22.428866 
 196.3875501 -10.5553899  754.775  252.085  752.231  250.358 61465a119-000049  11.325     0.019  1.351e+00  10.247     0.021  1.009e+00    1    0  0.00000  0.00000     0000          0         10     1.0  13.783          00 57207.02256898     0.050504   316.061654 
 196.3875619 -10.5553853   94.698   38.166   95.170   39.318 61466a143-000036  11.299     0.020  3.158e+00  10.220     0.018  1.095e+00    1    0  0.00000  0.00000     0000          0         10     1.0  33.091          00 57207.08814787     0.053325     7.241456 
 196.3875621 -10.5553996  461.456  871.981  463.291  871.571 61458a144-000051  11.281     0.019  1.339e+00  10.224     0.018  1.928e+00    1    0  0.00000  0.00000     0000          0         10     1.0  -1.998          00 57206.82583218     0.007529    79.034535 
 196.3875289 -10.5554134  940.587  665.665  938.659  663.123 61461a120-000148  11.300     0.020  1.020e+00  10.215     0.016  1.066e+00    1    0  0.00000  0.00000     0000          0         10     1.0  -5.862          00 57206.89141111     0.120185   246.332892 
 196.3875424 -10.5553746  214.025  811.628  217.066  812.241 61477a120-000047  11.316     0.017  2.127e+00  10.255     0.018  1.806e+00    1    0  0.00000  0.00000     0000          0         10     1.0  95.078          00 57207.41629719     0.110649   325.737773 
 196.3875380 -10.5554027  831.932  791.307  831.237  789.256 61450a144-000046  11.323     0.019  1.902e+00  10.211     0.017  2.342e+00    1    0  0.00000  0.00000     0000          0         10     1.0  48.499          00 57206.56338916     0.078482   262.884020 
196.3875299 -10.5553720  574.564  732.073  575.129  731.160 61469a065-000059  11.287     0.019  1.620e+00  10.237     0.016  1.790e+00    1    0  0.00000  0.00000     0000          0         10     1.0  55.068          00 57207.15385418     0.146665   313.417888 
 196.3875518 -10.5553710  392.500  326.637  392.464  326.525 61473a119-000050  11.300     0.017  1.003e+00  10.220     0.018  1.036e+00    1    0  0.00000  0.00000     0000          0         10     1.0  95.569          00 57207.28501200     0.108363   344.465459 
 196.3875487 -10.5553862  645.382  372.182  644.005  370.942 61454a143-000045  11.277     0.018  1.193e+00  10.229     0.017  9.566e-01    1    0  0.00000  0.00000     0000          0         10     1.0  14.193          00 57206.69454698     0.063809   321.166477 
 196.3875446 -10.5553750  273.995  459.410  275.206  459.815 61462a143-000142  11.282     0.016  2.093e+00  10.227     0.019  1.276e+00    1    0  0.00000  0.00000     0000          0         10     1.0  -0.482          00 57206.95699005     0.105223   328.801898 